42
43
44
75
76
77
258
259
260
351
352
353
444
445
446
468
469
470
540
541
542
810
811
812
822
823
824
933
934
935
972
973
974
1161
1162
1163
1311
1312
1313
1371
1372
1373
1392
1393
1394
1455
1456
1457
1473
1474
1475
1527
1528
1529
1620
1621
1622
1671
1672
1673
1764
1765
1766
1824
1825
1826
1944
1945
1946
1956
1957
1958
2070
2071
2072
2073
2074
2075
2139
2140
2141
2160
2161
2162
2172
2173
2174
2319
2320
2321
2322
2323
2324
2361
2362
2363
2439
2440
2441
2481
2482
2483
2532
2533
2534
2649
2650
2651
2667
2668
2669
2760
2761
2762
2997
2998
2999
3081
3082
3083
3189
3190
3191
3192
3193
3194
3201
3202
3203
3255
3256
3257
3363
3364
3365
3411
3412
3413
3591
3592
3593
3600
3601
3602
3615
3616
3617
3636
3637
3638
3654
3655
3656
3744
3745
3746
4134
4135
4136
4137
4138
4139
4221
4222
4223
4275
4276
4277
4326
4327
4328
4476
4477
4478
4965
4966
4967
5130
5131
5132
5151
5152
5153
5292
5293
5294
5322
5323
5324
5514
5515
5516
5562
5563
5564
5568
5569
5570
5589
5590
5591
5679
5680
5681
5760
5761
5762
5778
5779
5780
5880
5881
5882
5949
5950
5951
6009
6010
6011
6021
6022
6023
6141
6142
6143
6153
6154
6155
6189
6190
6191
6213
6214
6215
